DB: 1.0
DBi+1: 1.10313
DD: 0.00105857
DDi+1: 0.994941
RMDD: 1.0
RMDD-1: 1.6075
RMDV: 1.0
SMDD: 0.000371977
SMDD-1: 1.2755
SMDV: 0.000371977
VB: 1.0
VBi+1: 0.569164
VD: 1.46108
VD-: 0.00105857
VDi+1: 0.994941
gDBi: 0.569164
gDD: 1.46108
gDDi: 0.994941
gRMDD: 1.51095
gSMDD: 0.0199558
gSMDV: 0.0199558
gVBi: 1.10313
gVDi: 0.994941
rDB: -165.138
rSMDD: 0.535
rSMDV-12: 0.535
rVB: -165.138
tau_DB: 0.502865
tau_RMDD: 0.502018
tau_RMDV: 0.502018
tau_SMDD: 0.500646
tau_SMDV: 0.500646
tau_VB: 0.502865
tau_VD: 1.67861
theta_DB: 4.80699
theta_DD: -2.94785
theta_RMDD: -3.65014
theta_RMDV: -3.65014
theta_SMDD: 6.27095
theta_SMDV: 6.27095
theta_VB: 4.80699
theta_VD: -2.94785
wDB: 12.3531
wDD: 1.66374
wNMJ: 0.00105857
wRMDD: 1.6075
wRMDV: 1.6075
wSMDD: 14.9933
wSMDV: 14.9933
wVB: 6.17657
wVD: 1.13632
